0.002
-1, 0.5, 1
-0.998, 0.501001, 0.998999
-0.996, 0.502004, 0.997998
-0.994, 0.503009, 0.996995
-0.992, 0.504016, 0.995992
-0.99, 0.505025, 0.994987
-0.988, 0.506036, 0.993982
-0.986, 0.507049, 0.992975
-0.984, 0.508064, 0.991968
-0.982, 0.509081, 0.990959
-0.98, 0.5101, 0.989949
-0.978, 0.511121, 0.988939
-0.976, 0.512144, 0.987927
-0.974, 0.513169, 0.986914
-0.972, 0.514196, 0.985901
-0.97, 0.515225, 0.984886
-0.968, 0.516256, 0.98387
-0.966, 0.517289, 0.982853
-0.964, 0.518324, 0.981835
-0.962, 0.519361, 0.980816
-0.96, 0.5204, 0.979796
-0.958, 0.521441, 0.978775
-0.956, 0.522484, 0.977753
-0.954, 0.523528, 0.976729
-0.952, 0.524575, 0.975705
-0.95, 0.525624, 0.974679
-0.948, 0.526675, 0.973653
-0.946, 0.527728, 0.972625
-0.944, 0.528783, 0.971597
-0.942, 0.52984, 0.970567
-0.94, 0.530898, 0.969536
-0.938, 0.531959, 0.968504
-0.936, 0.533022, 0.967471
-0.934, 0.534087, 0.966437
-0.932, 0.535153, 0.965402
-0.93, 0.536222, 0.964365
-0.928, 0.537293, 0.963328
-0.926, 0.538365, 0.962289
-0.924, 0.53944, 0.961249
-0.922, 0.540516, 0.960208
-0.92, 0.541595, 0.959166
-0.918, 0.542675, 0.958123
-0.916, 0.543758, 0.957079
-0.914, 0.544842, 0.956034
-0.912, 0.545928, 0.954987
-0.91, 0.547017, 0.953939
-0.908, 0.548107, 0.95289
-0.906, 0.549199, 0.95184
-0.904, 0.550293, 0.950789
-0.902, 0.551389, 0.949737
-0.9, 0.552487, 0.948684
-0.898, 0.553587, 0.947629
-0.896, 0.554689, 0.946573
-0.894, 0.555793, 0.945516
-0.892, 0.556899, 0.944458
-0.89, 0.558006, 0.943399
-0.888, 0.559116, 0.942338
-0.886, 0.560227, 0.941276
-0.884, 0.561341, 0.940213
-0.882, 0.562456, 0.939149
-0.88, 0.563574, 0.938084
-0.878, 0.564693, 0.937017
-0.876, 0.565814, 0.935949
-0.874, 0.566937, 0.93488
-0.872, 0.568062, 0.93381
-0.87, 0.569189, 0.932739
-0.868, 0.570317, 0.931666
-0.866, 0.571448, 0.930592
-0.864, 0.57258, 0.929517
-0.862, 0.573715, 0.928441
-0.86, 0.574851, 0.927363
-0.858, 0.575989, 0.926284
-0.856, 0.577129, 0.925204
-0.854, 0.578271, 0.924123
-0.852, 0.579415, 0.92304
-0.85, 0.580561, 0.921957
-0.848, 0.581708, 0.920871
-0.846, 0.582857, 0.919785
-0.844, 0.584009, 0.918697
-0.842, 0.585162, 0.917608
-0.84, 0.586317, 0.916518
-0.838, 0.587473, 0.915427
-0.836, 0.588632, 0.914334
-0.834, 0.589792, 0.91324
-0.832, 0.590955, 0.912144
-0.83, 0.592119, 0.911047
-0.828, 0.593284, 0.909949
-0.826, 0.594452, 0.90885
-0.824, 0.595622, 0.907749
-0.822, 0.596793, 0.906647
-0.82, 0.597966, 0.905544
-0.818, 0.599141, 0.904439
-0.816, 0.600318, 0.903333
-0.814, 0.601496, 0.902226
-0.812, 0.602677, 0.901117
-0.81, 0.603859, 0.900007
-0.808, 0.605043, 0.898896
-0.806, 0.606229, 0.897783
-0.804, 0.607416, 0.896669
-0.802, 0.608605, 0.895553
-0.8, 0.609796, 0.894437
-0.798, 0.610989, 0.893318
-0.796, 0.612183, 0.892199
-0.794, 0.61338, 0.891078
-0.792, 0.614577, 0.889955
-0.79, 0.615777, 0.888832
-0.788, 0.616979, 0.887707
-0.786, 0.618182, 0.88658
-0.784, 0.619387, 0.885452
-0.782, 0.620593, 0.884323
-0.78, 0.621801, 0.883192
-0.778, 0.623011, 0.88206
-0.776, 0.624223, 0.880926
-0.774, 0.625437, 0.879791
-0.772, 0.626652, 0.878654
-0.77, 0.627868, 0.877516
-0.768, 0.629087, 0.876377
-0.766, 0.630307, 0.875236
-0.764, 0.631529, 0.874094
-0.762, 0.632752, 0.87295
-0.76, 0.633977, 0.871805
-0.758, 0.635204, 0.870658
-0.756, 0.636432, 0.86951
-0.754, 0.637662, 0.86836
-0.752, 0.638894, 0.867209
-0.75, 0.640127, 0.866056
-0.748, 0.641362, 0.864902
-0.746, 0.642599, 0.863746
-0.744, 0.643837, 0.862589
-0.742, 0.645076, 0.861431
-0.74, 0.646318, 0.860271
-0.738, 0.64756, 0.859109
-0.736, 0.648805, 0.857946
-0.734, 0.650051, 0.856781
-0.732, 0.651299, 0.855615
-0.73, 0.652548, 0.854447
-0.728, 0.653798, 0.853278
-0.726, 0.655051, 0.852107
-0.724, 0.656304, 0.850934
-0.722, 0.65756, 0.84976
-0.72, 0.658817, 0.848585
-0.718, 0.660075, 0.847407
-0.716, 0.661335, 0.846229
-0.714, 0.662596, 0.845048
-0.712, 0.663859, 0.843867
-0.71, 0.665124, 0.842683
-0.708, 0.666389, 0.841498
-0.706, 0.667657, 0.840311
-0.704, 0.668926, 0.839123
-0.702, 0.670196, 0.837933
-0.7, 0.671468, 0.836742
-0.698, 0.672741, 0.835549
-0.696, 0.674015, 0.834354
-0.694, 0.675291, 0.833157
-0.692, 0.676569, 0.831959
-0.69, 0.677848, 0.83076
-0.688, 0.679128, 0.829559
-0.686, 0.68041, 0.828356
-0.684, 0.681693, 0.827151
-0.682, 0.682978, 0.825945
-0.68, 0.684263, 0.824737
-0.678, 0.685551, 0.823527
-0.676, 0.686839, 0.822316
-0.674, 0.688129, 0.821103
-0.672, 0.689421, 0.819888
-0.67, 0.690713, 0.818672
-0.668, 0.692007, 0.817454
-0.666, 0.693303, 0.816234
-0.664, 0.694599, 0.815012
-0.662, 0.695897, 0.813789
-0.66, 0.697197, 0.812564
-0.658, 0.698497, 0.811338
-0.656, 0.699799, 0.810109
-0.654, 0.701102, 0.808879
-0.652, 0.702407, 0.807647
-0.65, 0.703712, 0.806414
-0.648, 0.705019, 0.805178
-0.646, 0.706327, 0.803941
-0.644, 0.707637, 0.802702
-0.642, 0.708947, 0.801461
-0.64, 0.710259, 0.800219
-0.638, 0.711572, 0.798975
-0.636, 0.712886, 0.797728
-0.634, 0.714202, 0.796481
-0.632, 0.715518, 0.795231
-0.63, 0.716836, 0.793979
-0.628, 0.718155, 0.792726
-0.626, 0.719475, 0.791471
-0.624, 0.720796, 0.790214
-0.622, 0.722119, 0.788955
-0.62, 0.723442, 0.787695
-0.618, 0.724767, 0.786432
-0.616, 0.726092, 0.785168
-0.614, 0.727419, 0.783902
-0.612, 0.728747, 0.782634
-0.61, 0.730076, 0.781364
-0.608, 0.731406, 0.780092
-0.606, 0.732737, 0.778818
-0.604, 0.734069, 0.777543
-0.602, 0.735402, 0.776265
-0.6, 0.736737, 0.774986
-0.598, 0.738072, 0.773705
-0.596, 0.739408, 0.772422
-0.594, 0.740745, 0.771137
-0.592, 0.742084, 0.76985
-0.59, 0.743423, 0.768561
-0.588, 0.744763, 0.76727
-0.586, 0.746104, 0.765977
-0.584, 0.747446, 0.764682
-0.582, 0.748789, 0.763386
-0.58, 0.750133, 0.762087
-0.578, 0.751478, 0.760787
-0.576, 0.752824, 0.759484
-0.574, 0.754171, 0.758179
-0.572, 0.755518, 0.756873
-0.57, 0.756867, 0.755564
-0.568, 0.758216, 0.754254
-0.566, 0.759566, 0.752941
-0.564, 0.760917, 0.751627
-0.562, 0.762269, 0.75031
-0.56, 0.763622, 0.748992
-0.558, 0.764976, 0.747671
-0.556, 0.76633, 0.746348
-0.554, 0.767685, 0.745024
-0.552, 0.769041, 0.743697
-0.55, 0.770398, 0.742368
-0.548, 0.771755, 0.741037
-0.546, 0.773113, 0.739704
-0.544, 0.774472, 0.738369
-0.542, 0.775832, 0.737032
-0.54, 0.777192, 0.735693
-0.538, 0.778553, 0.734352
-0.536, 0.779915, 0.733009
-0.534, 0.781278, 0.731663
-0.532, 0.782641, 0.730316
-0.53, 0.784004, 0.728966
-0.528, 0.785369, 0.727614
-0.526, 0.786734, 0.72626
-0.524, 0.7881, 0.724904
-0.522, 0.789466, 0.723546
-0.52, 0.790833, 0.722186
-0.518, 0.7922, 0.720823
-0.516, 0.793568, 0.719458
-0.514, 0.794937, 0.718091
-0.512, 0.796306, 0.716722
-0.51, 0.797676, 0.715351
-0.508, 0.799046, 0.713978
-0.506, 0.800417, 0.712602
-0.504, 0.801788, 0.711224
-0.502, 0.80316, 0.709844
-0.5, 0.804532, 0.708462
-0.498, 0.805905, 0.707078
-0.496, 0.807278, 0.705691
-0.494, 0.808652, 0.704302
-0.492, 0.810026, 0.702911
-0.49, 0.811401, 0.701517
-0.488, 0.812776, 0.700122
-0.486, 0.814151, 0.698724
-0.484, 0.815526, 0.697323
-0.482, 0.816903, 0.695921
-0.48, 0.818279, 0.694516
-0.478, 0.819656, 0.693109
-0.476, 0.821033, 0.6917
-0.474, 0.82241, 0.690288
-0.472, 0.823788, 0.688874
-0.47, 0.825166, 0.687458
-0.468, 0.826544, 0.686039
-0.466, 0.827923, 0.684618
-0.464, 0.829302, 0.683194
-0.462, 0.830681, 0.681769
-0.46, 0.83206, 0.680341
-0.458, 0.833439, 0.67891
-0.456, 0.834819, 0.677477
-0.454, 0.836199, 0.676042
-0.452, 0.837579, 0.674605
-0.45, 0.838959, 0.673165
-0.448, 0.84034, 0.671722
-0.446, 0.84172, 0.670278
-0.444, 0.843101, 0.66883
-0.442, 0.844482, 0.667381
-0.44, 0.845862, 0.665929
-0.438, 0.847243, 0.664474
-0.436, 0.848624, 0.663017
-0.434, 0.850005, 0.661558
-0.432, 0.851387, 0.660096
-0.43, 0.852768, 0.658632
-0.428, 0.854149, 0.657165
-0.426, 0.85553, 0.655696
-0.424, 0.856911, 0.654224
-0.422, 0.858292, 0.65275
-0.42, 0.859673, 0.651273
-0.418, 0.861054, 0.649794
-0.416, 0.862435, 0.648312
-0.414, 0.863816, 0.646828
-0.412, 0.865196, 0.645341
-0.41, 0.866577, 0.643852
-0.408, 0.867957, 0.64236
-0.406, 0.869338, 0.640866
-0.404, 0.870718, 0.639369
-0.402, 0.872098, 0.637869
-0.4, 0.873478, 0.636367
-0.398, 0.874857, 0.634862
-0.396, 0.876237, 0.633355
-0.394, 0.877616, 0.631845
-0.392, 0.878995, 0.630332
-0.39, 0.880373, 0.628817
-0.388, 0.881752, 0.627299
-0.386, 0.88313, 0.625779
-0.384, 0.884507, 0.624256
-0.382, 0.885885, 0.62273
-0.38, 0.887262, 0.621202
-0.378, 0.888639, 0.619671
-0.376, 0.890015, 0.618137
-0.374, 0.891391, 0.616601
-0.372, 0.892767, 0.615062
-0.37, 0.894142, 0.61352
-0.368, 0.895517, 0.611976
-0.366, 0.896891, 0.610429
-0.364, 0.898265, 0.608879
-0.362, 0.899638, 0.607326
-0.36, 0.901011, 0.605771
-0.358, 0.902383, 0.604213
-0.356, 0.903755, 0.602652
-0.354, 0.905126, 0.601089
-0.352, 0.906497, 0.599522
-0.35, 0.907867, 0.597953
-0.348, 0.909237, 0.596381
-0.346, 0.910606, 0.594807
-0.344, 0.911974, 0.593229
-0.342, 0.913342, 0.591649
-0.34, 0.914709, 0.590066
-0.338, 0.916076, 0.58848
-0.336, 0.917441, 0.586891
-0.334, 0.918806, 0.5853
-0.332, 0.920171, 0.583706
-0.33, 0.921534, 0.582108
-0.328, 0.922897, 0.580508
-0.326, 0.924259, 0.578905
-0.324, 0.925621, 0.5773
-0.322, 0.926981, 0.575691
-0.32, 0.928341, 0.574079
-0.318, 0.9297, 0.572465
-0.316, 0.931058, 0.570847
-0.314, 0.932415, 0.569227
-0.312, 0.933771, 0.567604
-0.31, 0.935126, 0.565978
-0.308, 0.936481, 0.564349
-0.306, 0.937835, 0.562716
-0.304, 0.939187, 0.561081
-0.302, 0.940539, 0.559443
-0.3, 0.941889, 0.557803
-0.298, 0.943239, 0.556159
-0.296, 0.944588, 0.554512
-0.294, 0.945935, 0.552862
-0.292, 0.947282, 0.551209
-0.29, 0.948627, 0.549553
-0.288, 0.949972, 0.547894
-0.286, 0.951315, 0.546232
-0.284, 0.952657, 0.544567
-0.282, 0.953998, 0.542899
-0.28, 0.955338, 0.541228
-0.278, 0.956677, 0.539553
-0.276, 0.958014, 0.537876
-0.274, 0.95935, 0.536196
-0.272, 0.960686, 0.534512
-0.27, 0.962019, 0.532826
-0.268, 0.963352, 0.531136
-0.266, 0.964683, 0.529443
-0.264, 0.966013, 0.527747
-0.262, 0.967342, 0.526048
-0.26, 0.968669, 0.524346
-0.258, 0.969995, 0.522641
-0.256, 0.97132, 0.520932
-0.254, 0.972643, 0.519221
-0.252, 0.973965, 0.517506
-0.25, 0.975285, 0.515788
-0.248, 0.976604, 0.514067
-0.246, 0.977922, 0.512342
-0.244, 0.979238, 0.510615
-0.242, 0.980553, 0.508884
-0.24, 0.981865, 0.50715
-0.238, 0.983177, 0.505412
-0.236, 0.984487, 0.503672
-0.234, 0.985795, 0.501928
-0.232, 0.987102, 0.500181
-0.23, 0.988407, 0.49843
-0.228, 0.989711, 0.496677
-0.226, 0.991013, 0.49492
-0.224, 0.992313, 0.49316
-0.222, 0.993611, 0.491396
-0.22, 0.994908, 0.489629
-0.218, 0.996203, 0.487859
-0.216, 0.997496, 0.486086
-0.214, 0.998788, 0.484309
-0.212, 1.00008, 0.482528
-0.21, 1.00137, 0.480745
-0.208, 1.00265, 0.478958
-0.206, 1.00394, 0.477167
-0.204, 1.00522, 0.475374
-0.202, 1.0065, 0.473577
-0.2, 1.00778, 0.471776
-0.198, 1.00906, 0.469972
-0.196, 1.01033, 0.468165
-0.194, 1.0116, 0.466354
-0.192, 1.01287, 0.46454
-0.19, 1.01414, 0.462722
-0.188, 1.01541, 0.460901
-0.186, 1.01667, 0.459076
-0.184, 1.01794, 0.457248
-0.182, 1.0192, 0.455417
-0.18, 1.02046, 0.453581
-0.178, 1.02171, 0.451743
-0.176, 1.02297, 0.449901
-0.174, 1.02422, 0.448055
-0.172, 1.02547, 0.446206
-0.17, 1.02672, 0.444353
-0.168, 1.02796, 0.442497
-0.166, 1.02921, 0.440637
-0.164, 1.03045, 0.438773
-0.162, 1.03169, 0.436906
-0.16, 1.03292, 0.435036
-0.158, 1.03416, 0.433161
-0.156, 1.03539, 0.431284
-0.154, 1.03662, 0.429402
-0.152, 1.03785, 0.427517
-0.15, 1.03907, 0.425628
-0.148, 1.04029, 0.423736
-0.146, 1.04151, 0.42184
-0.144, 1.04273, 0.41994
-0.142, 1.04395, 0.418037
-0.14, 1.04516, 0.41613
-0.138, 1.04637, 0.414219
-0.136, 1.04758, 0.412305
-0.134, 1.04878, 0.410386
-0.132, 1.04998, 0.408465
-0.13, 1.05118, 0.406539
-0.128, 1.05238, 0.404609
-0.126, 1.05357, 0.402676
-0.124, 1.05477, 0.400739
-0.122, 1.05595, 0.398799
-0.12, 1.05714, 0.396854
-0.118, 1.05832, 0.394906
-0.116, 1.05951, 0.392954
-0.114, 1.06068, 0.390998
-0.112, 1.06186, 0.389039
-0.11, 1.06303, 0.387075
-0.108, 1.0642, 0.385108
-0.106, 1.06537, 0.383136
-0.104, 1.06653, 0.381161
-0.102, 1.06769, 0.379183
-0.1, 1.06885, 0.377199
-0.098, 1.07, 0.375213
-0.096, 1.07116, 0.373222
-0.094, 1.07231, 0.371228
-0.092, 1.07345, 0.36923
-0.09, 1.07459, 0.367227
-0.088, 1.07573, 0.365221
-0.086, 1.07687, 0.36321
-0.084, 1.078, 0.361196
-0.082, 1.07913, 0.359178
-0.08, 1.08026, 0.357156
-0.078, 1.08139, 0.35513
-0.076, 1.08251, 0.3531
-0.074, 1.08362, 0.351065
-0.072, 1.08474, 0.349027
-0.07, 1.08585, 0.346985
-0.068, 1.08696, 0.344939
-0.066, 1.08806, 0.342889
-0.064, 1.08916, 0.340834
-0.062, 1.09026, 0.338776
-0.06, 1.09136, 0.336713
-0.058, 1.09245, 0.334646
-0.056, 1.09353, 0.332576
-0.054, 1.09462, 0.330501
-0.052, 1.0957, 0.328422
-0.05, 1.09678, 0.326339
-0.048, 1.09785, 0.324252
-0.046, 1.09892, 0.322161
-0.044, 1.09999, 0.320065
-0.042, 1.10105, 0.317965
-0.04, 1.10211, 0.315862
-0.038, 1.10317, 0.313753
-0.036, 1.10422, 0.311641
-0.034, 1.10527, 0.309524
-0.032, 1.10631, 0.307404
-0.03, 1.10735, 0.305279
-0.028, 1.10839, 0.30315
-0.026, 1.10942, 0.301017
-0.024, 1.11045, 0.298879
-0.022, 1.11148, 0.296737
-0.02, 1.1125, 0.29459
-0.018, 1.11352, 0.29244
-0.016, 1.11453, 0.290285
-0.014, 1.11554, 0.288126
-0.012, 1.11655, 0.285962
-0.01, 1.11755, 0.283795
-0.008, 1.11855, 0.281623
-0.006, 1.11954, 0.279446
-0.004, 1.12053, 0.277265
-0.002, 1.12152, 0.27508
0, 1.1225, 0.27289
0.002, 1.12348, 0.270696
0.004, 1.12445, 0.268498
0.006, 1.12542, 0.266294
0.008, 1.12639, 0.264087
0.01, 1.12735, 0.261875
0.012, 1.12831, 0.259659
0.014, 1.12926, 0.257438
0.016, 1.13021, 0.255213
0.018, 1.13115, 0.252983
0.02, 1.13209, 0.250749
0.022, 1.13303, 0.248511
0.024, 1.13396, 0.246268
0.026, 1.13488, 0.244019
0.028, 1.13581, 0.241768
0.03, 1.13672, 0.23951
0.032, 1.13764, 0.237249
0.034, 1.13855, 0.234983
0.036, 1.13945, 0.232713
0.038, 1.14035, 0.230437
0.04, 1.14124, 0.228158
0.042, 1.14213, 0.225873
0.044, 1.14302, 0.223585
0.046, 1.1439, 0.221291
0.048, 1.14478, 0.218992
0.05, 1.14565, 0.21669
0.052, 1.14652, 0.214382
0.054, 1.14738, 0.21207
0.056, 1.14823, 0.209753
0.058, 1.14909, 0.207431
0.06, 1.14993, 0.205104
0.062, 1.15078, 0.202773
0.064, 1.15161, 0.200438
0.066, 1.15245, 0.198096
0.068, 1.15328, 0.195752
0.07, 1.1541, 0.193401
0.072, 1.15492, 0.191047
0.074, 1.15573, 0.188687
0.076, 1.15654, 0.186322
0.078, 1.15734, 0.183952
0.08, 1.15814, 0.181579
0.082, 1.15893, 0.179199
0.084, 1.15972, 0.176816
0.086, 1.1605, 0.174427
0.088, 1.16128, 0.172034
0.09, 1.16205, 0.169635
0.092, 1.16281, 0.167232
0.094, 1.16358, 0.164823
0.096, 1.16433, 0.16241
0.098, 1.16508, 0.159992
0.1, 1.16583, 0.157569
0.102, 1.16657, 0.155141
0.104, 1.1673, 0.152708
0.106, 1.16803, 0.15027
0.108, 1.16875, 0.147827
0.11, 1.16947, 0.145379
0.112, 1.17018, 0.142926
0.114, 1.17089, 0.140468
0.116, 1.17159, 0.138005
0.118, 1.17229, 0.135537
0.12, 1.17297, 0.133065
0.122, 1.17366, 0.130586
0.124, 1.17434, 0.128103
0.126, 1.17501, 0.125615
0.128, 1.17568, 0.123121
0.13, 1.17634, 0.120623
0.132, 1.17699, 0.118119
0.134, 1.17764, 0.11561
0.136, 1.17829, 0.113096
0.138, 1.17892, 0.110577
0.14, 1.17956, 0.108053
0.142, 1.18018, 0.105524
0.144, 1.1808, 0.102989
0.146, 1.18142, 0.10045
0.148, 1.18202, 0.0979037
0.15, 1.18262, 0.095354
0.152, 1.18322, 0.092798
0.154, 1.18381, 0.0902382
0.156, 1.18439, 0.0876708
0.158, 1.18497, 0.0851007
0.16, 1.18554, 0.0825232
0.162, 1.18611, 0.0799417
0.164, 1.18666, 0.0773547
0.166, 1.18722, 0.074762
0.168, 1.18776, 0.0721645
0.17, 1.1883, 0.0695603
0.172, 1.18883, 0.0669528
0.174, 1.18936, 0.0643386
0.176, 1.18988, 0.0617191
0.178, 1.1904, 0.059094
0.18, 1.1909, 0.0564651
0.182, 1.1914, 0.0538284
0.184, 1.1919, 0.051188
0.186, 1.19239, 0.0485414
0.188, 1.19287, 0.0458896
0.19, 1.19334, 0.0432329
0.192, 1.19381, 0.0405689
0.194, 1.19427, 0.0379016
0.196, 1.19472, 0.0352277
0.198, 1.19517, 0.0325479
0.2, 1.19561, 0.0298633
0.202, 1.19605, 0.0271735
0.204, 1.19647, 0.0244768
0.206, 1.19689, 0.0217754
0.208, 1.19731, 0.0190691
0.21, 1.19771, 0.0163556
0.212, 1.19811, 0.0136378
0.214, 1.19851, 0.010914
0.216, 1.19889, 0.00818415
0.218, 1.19927, 0.00544997
0.22, 1.19964, 0.00270802
0.222, 1.2, -3.77669e-05
0.224, 1.20036, -0.00279004
0.226, 1.20071, -0.00554756
0.228, 1.20105, -0.00831103
0.23, 1.20139, -0.0110804
0.232, 1.20172, -0.0138556
0.234, 1.20204, -0.0166354
0.236, 1.20235, -0.0194225
0.238, 1.20266, -0.0222139
0.24, 1.20296, -0.0250131
0.242, 1.20325, -0.0278156
0.244, 1.20353, -0.0306252
0.246, 1.20381, -0.033441
0.248, 1.20408, -0.0362618
0.25, 1.20434, -0.039089
0.252, 1.20459, -0.0419209
0.254, 1.20484, -0.0447614
0.256, 1.20508, -0.0476038
0.258, 1.20531, -0.0504552
0.26, 1.20553, -0.0533119
0.262, 1.20575, -0.0561734
0.264, 1.20596, -0.0590423
0.266, 1.20616, -0.0619155
0.268, 1.20635, -0.0647955
0.27, 1.20654, -0.0676828
0.272, 1.20671, -0.0705732
0.274, 1.20688, -0.0734716
0.276, 1.20704, -0.0763759
0.278, 1.20719, -0.0792862
0.28, 1.20734, -0.0822007
0.282, 1.20747, -0.0851236
0.284, 1.2076, -0.0880525
0.286, 1.20772, -0.0909843
0.288, 1.20784, -0.0939269
0.29, 1.20794, -0.0968718
0.292, 1.20804, -0.0998249
0.294, 1.20812, -0.102782
0.296, 1.20821, -0.105748
0.298, 1.20828, -0.108718
0.3, 1.20834, -0.111695
0.302, 1.2084, -0.11468
0.304, 1.20844, -0.117666
0.306, 1.20848, -0.120664
0.308, 1.20851, -0.123664
0.31, 1.20853, -0.126673
0.312, 1.20854, -0.129686
0.314, 1.20855, -0.132707
0.316, 1.20854, -0.135732
0.318, 1.20853, -0.138767
0.32, 1.20851, -0.141805
0.322, 1.20848, -0.144851
0.324, 1.20844, -0.147901
0.326, 1.20839, -0.15096
0.328, 1.20833, -0.154025
0.33, 1.20827, -0.157095
0.332, 1.20819, -0.160173
0.334, 1.20811, -0.163255
0.336, 1.20802, -0.166346
0.338, 1.20792, -0.169441
0.34, 1.20781, -0.172545
0.342, 1.20769, -0.175653
0.344, 1.20756, -0.178769
0.346, 1.20742, -0.181891
0.348, 1.20728, -0.185019
0.35, 1.20712, -0.188154
0.352, 1.20696, -0.191294
0.354, 1.20679, -0.194445
0.356, 1.2066, -0.197597
0.358, 1.20641, -0.200759
0.36, 1.20621, -0.203926
0.362, 1.206, -0.2071
0.364, 1.20578, -0.21028
0.366, 1.20555, -0.213468
0.368, 1.20531, -0.216661
0.37, 1.20506, -0.219862
0.372, 1.2048, -0.223069
0.374, 1.20454, -0.226283
0.376, 1.20426, -0.229503
0.378, 1.20397, -0.23273
0.38, 1.20368, -0.235964
0.382, 1.20337, -0.239203
0.384, 1.20306, -0.24245
0.386, 1.20273, -0.245706
0.388, 1.2024, -0.248964
0.39, 1.20205, -0.252233
0.392, 1.2017, -0.255506
0.394, 1.20133, -0.258788
0.396, 1.20096, -0.262073
0.398, 1.20058, -0.265369
0.4, 1.20018, -0.268671
0.402, 1.19978, -0.271977
0.404, 1.19936, -0.275293
0.406, 1.19894, -0.278614
0.408, 1.19851, -0.281945
0.41, 1.19806, -0.285276
0.412, 1.19761, -0.288622
0.414, 1.19714, -0.291971
0.416, 1.19666, -0.295324
0.418, 1.19618, -0.298691
0.42, 1.19568, -0.302058
0.422, 1.19518, -0.305436
0.424, 1.19466, -0.308822
0.426, 1.19414, -0.312209
0.428, 1.1936, -0.31561
0.43, 1.19305, -0.319014
0.432, 1.19249, -0.322426
0.434, 1.19192, -0.325844
0.436, 1.19135, -0.329273
0.438, 1.19076, -0.332704
0.44, 1.19016, -0.336145
0.442, 1.18954, -0.339592
0.444, 1.18892, -0.343047
0.446, 1.18829, -0.346509
0.448, 1.18765, -0.349977
0.45, 1.18699, -0.353454
0.452, 1.18632, -0.356934
0.454, 1.18565, -0.360429
0.456, 1.18496, -0.363924
0.458, 1.18426, -0.367428
0.46, 1.18356, -0.370942
0.462, 1.18283, -0.374458
0.464, 1.18211, -0.377986
0.466, 1.18137, -0.381522
0.468, 1.18061, -0.385058
0.47, 1.17985, -0.388612
0.472, 1.17907, -0.392165
0.474, 1.17828, -0.395727
0.476, 1.17748, -0.399299
0.478, 1.17667, -0.402877
0.48, 1.17585, -0.40646
0.482, 1.17502, -0.410054
0.484, 1.17418, -0.413652
0.486, 1.17332, -0.417262
0.488, 1.17245, -0.420873
0.49, 1.17158, -0.424498
0.492, 1.17069, -0.428127
0.494, 1.16978, -0.431763
0.496, 1.16887, -0.435408
0.498, 1.16795, -0.439061
0.5, 1.16701, -0.442719
0.502, 1.16606, -0.446388
0.504, 1.1651, -0.45006
0.506, 1.16413, -0.453744
0.508, 1.16314, -0.457432
0.51, 1.16215, -0.461132
0.512, 1.16114, -0.464832
0.514, 1.16012, -0.468551
0.516, 1.15908, -0.472264
0.518, 1.15805, -0.475998
0.52, 1.15699, -0.47973
0.522, 1.15592, -0.483474
0.524, 1.15484, -0.487226
0.526, 1.15374, -0.490982
0.528, 1.15264, -0.494751
0.53, 1.15152, -0.498523
0.532, 1.15039, -0.502306
0.534, 1.14925, -0.506096
0.536, 1.1481, -0.509892
0.538, 1.14693, -0.513695
0.54, 1.14575, -0.517513
0.542, 1.14456, -0.521328
0.544, 1.14336, -0.525162
0.546, 1.14214, -0.528995
0.548, 1.14091, -0.53284
0.55, 1.13967, -0.536691
0.552, 1.13841, -0.540551
0.554, 1.13714, -0.544421
0.556, 1.13586, -0.548293
0.558, 1.13457, -0.552182
0.56, 1.13326, -0.55607
0.562, 1.13194, -0.55997
0.564, 1.13061, -0.563877
0.566, 1.12927, -0.567797
0.568, 1.12791, -0.571715
0.57, 1.12654, -0.57565
0.572, 1.12515, -0.57959
0.574, 1.12376, -0.583537
0.576, 1.12234, -0.587491
0.578, 1.12092, -0.591457
0.58, 1.11948, -0.595427
0.582, 1.11804, -0.59941
0.584, 1.11657, -0.603395
0.586, 1.1151, -0.607394
0.588, 1.11361, -0.611398
0.59, 1.1121, -0.61541
0.592, 1.11059, -0.619432
0.594, 1.10905, -0.62346
0.596, 1.10751, -0.627499
0.598, 1.10595, -0.631544
0.6, 1.10438, -0.635595
0.602, 1.1028, -0.639663
0.604, 1.1012, -0.643728
0.606, 1.09959, -0.64781
0.608, 1.09796, -0.651895
0.61, 1.09632, -0.655991
0.612, 1.09466, -0.660094
0.614, 1.093, -0.66421
0.616, 1.09131, -0.668324
0.618, 1.08962, -0.672459
0.62, 1.08791, -0.676591
0.622, 1.08619, -0.680741
0.624, 1.08445, -0.684894
0.626, 1.08269, -0.689053
0.628, 1.08093, -0.69323
0.63, 1.07915, -0.697403
0.632, 1.07736, -0.701597
0.634, 1.07554, -0.705789
0.636, 1.07372, -0.709999
0.638, 1.07188, -0.714206
0.64, 1.07003, -0.718434
0.642, 1.06816, -0.722662
0.644, 1.06628, -0.726901
0.646, 1.06439, -0.731148
0.648, 1.06248, -0.73541
0.65, 1.06055, -0.739667
0.652, 1.05862, -0.743948
0.654, 1.05666, -0.748225
0.656, 1.05469, -0.752522
0.658, 1.0527, -0.756816
0.66, 1.05071, -0.761126
0.662, 1.04869, -0.765445
0.664, 1.04667, -0.769773
0.666, 1.04462, -0.774101
0.668, 1.04256, -0.77845
0.67, 1.04049, -0.782803
0.672, 1.0384, -0.78716
0.674, 1.0363, -0.791533
0.676, 1.03418, -0.795909
0.678, 1.03205, -0.800302
0.68, 1.02989, -0.804693
0.682, 1.02773, -0.809102
0.684, 1.02555, -0.813513
0.686, 1.02336, -0.81794
0.688, 1.02115, -0.822371
0.69, 1.01892, -0.826809
0.692, 1.01668, -0.831265
0.694, 1.01442, -0.835721
0.696, 1.01215, -0.840187
0.698, 1.00986, -0.844669
0.7, 1.00756, -0.849151
0.702, 1.00524, -0.853646
0.704, 1.00291, -0.858156
0.706, 1.00055, -0.862664
0.708, 0.998183, -0.867186
0.71, 0.995803, -0.87172
0.712, 0.993405, -0.876261
0.714, 0.99099, -0.88081
0.716, 0.988557, -0.885366
0.718, 0.986113, -0.889937
0.72, 0.983651, -0.894515
0.722, 0.98117, -0.899099
0.724, 0.978678, -0.903698
0.726, 0.976165, -0.908301
0.728, 0.97364, -0.912917
0.73, 0.971093, -0.917537
0.732, 0.968535, -0.922172
0.734, 0.96596, -0.926815
0.736, 0.963364, -0.931463
0.738, 0.960761, -0.936129
0.74, 0.958131, -0.940796
0.742, 0.955489, -0.945475
0.744, 0.952831, -0.950164
0.746, 0.950157, -0.954864
0.748, 0.947464, -0.95957
0.75, 0.944752, -0.964284
0.752, 0.942037, -0.96902
0.754, 0.939281, -0.973743
0.756, 0.936537, -0.978503
0.758, 0.933747, -0.983244
0.76, 0.930961, -0.988015
0.762, 0.928156, -0.992794
0.764, 0.925318, -0.997566
0.766, 0.922486, -1.00237
0.768, 0.919615, -1.00716
0.77, 0.916746, -1.01198
0.772, 0.913842, -1.0168
0.774, 0.910939, -1.02164
0.776, 0.908005, -1.02648
0.778, 0.905053, -1.03132
0.78, 0.902101, -1.03619
0.782, 0.899105, -1.04105
0.784, 0.896116, -1.04594
0.786, 0.8931, -1.05083
0.788, 0.890056, -1.05572
0.79, 0.887015, -1.06064
0.792, 0.883937, -1.06555
0.794, 0.880859, -1.07049
0.796, 0.877748, -1.07542
0.798, 0.874628, -1.08037
0.8, 0.871482, -1.08532
0.802, 0.868337, -1.0903
0.804, 0.865147, -1.09527
0.806, 0.861962, -1.10026
0.808, 0.85875, -1.10526
0.81, 0.855514, -1.11026
0.812, 0.852272, -1.11529
0.814, 0.849006, -1.12031
0.816, 0.845716, -1.12535
0.818, 0.842424, -1.1304
0.82, 0.839095, -1.13545
0.822, 0.835758, -1.14052
0.824, 0.832405, -1.1456
0.826, 0.829023, -1.15068
0.828, 0.825633, -1.15579
0.83, 0.822224, -1.1609
0.832, 0.818785, -1.16601
0.834, 0.815344, -1.17114
0.836, 0.81187, -1.17628
0.838, 0.808388, -1.18143
0.84, 0.804881, -1.18659
0.842, 0.801352, -1.19175
0.844, 0.797818, -1.19694
0.846, 0.794253, -1.20212
0.848, 0.790671, -1.20732
0.85, 0.78707, -1.21253
0.852, 0.783458, -1.21776
0.854, 0.77982, -1.22298
0.856, 0.776156, -1.22822
0.858, 0.772488, -1.23348
0.86, 0.768793, -1.23874
0.862, 0.765075, -1.244
0.864, 0.761349, -1.24929
0.866, 0.757591, -1.25458
0.868, 0.753824, -1.25989
0.87, 0.750028, -1.26519
0.872, 0.74622, -1.27052
0.874, 0.742392, -1.27586
0.876, 0.738544, -1.2812
0.878, 0.734674, -1.28656
0.88, 0.73078, -1.29192
0.882, 0.726878, -1.2973
0.884, 0.722956, -1.30269
0.886, 0.718995, -1.30808
0.888, 0.715043, -1.3135
0.89, 0.71104, -1.3189
0.892, 0.707046, -1.32434
0.894, 0.703016, -1.32978
0.896, 0.698968, -1.33523
0.898, 0.694899, -1.34069
0.9, 0.690821, -1.34617
0.902, 0.686701, -1.35164
0.904, 0.682587, -1.35714
0.906, 0.678433, -1.36264
0.908, 0.674264, -1.36816
0.91, 0.670084, -1.37369
0.912, 0.66587, -1.37922
0.914, 0.661641, -1.38477
0.916, 0.657397, -1.39033
0.918, 0.653123, -1.39589
0.92, 0.648838, -1.40148
0.922, 0.644522, -1.40706
0.924, 0.640194, -1.41267
0.926, 0.635847, -1.41828
0.928, 0.63147, -1.4239
0.93, 0.627077, -1.42954
0.932, 0.622661, -1.43518
0.934, 0.618232, -1.44084
0.936, 0.613773, -1.44651
0.938, 0.609302, -1.45219
0.94, 0.604791, -1.45787
0.942, 0.600288, -1.46358
0.944, 0.595738, -1.46928
0.946, 0.591183, -1.47501
0.948, 0.586601, -1.48075
0.95, 0.581994, -1.48649
0.952, 0.577367, -1.49224
0.954, 0.572733, -1.49802
0.956, 0.568057, -1.50379
0.958, 0.563369, -1.50958
0.96, 0.558661, -1.51538
0.962, 0.553932, -1.5212
0.964, 0.54917, -1.52701
0.966, 0.544412, -1.53287
0.968, 0.539592, -1.53869
0.97, 0.534797, -1.54457
0.972, 0.529947, -1.55043
0.974, 0.525076, -1.5563
0.976, 0.520215, -1.56221
0.978, 0.515284, -1.56809
0.98, 0.510381, -1.57403
0.982, 0.505412, -1.57993
0.984, 0.500457, -1.58589
0.986, 0.495454, -1.59183
0.988, 0.490434, -1.59778
0.99, 0.485414, -1.60377
0.992, 0.480333, -1.60973
0.994, 0.475266, -1.61574
0.996, 0.47015, -1.62174
0.998, 0.465039, -1.62777
