-1, 0.5, 1, 0.5, 1, 0.5, 1
-0.913043, 0.545361, 0.955533, 0.545361, 0.955533, 0.545361, 0.955533
-0.826087, 0.594382, 0.908893, 0.594382, 0.908893, 0.594382, 0.908893
-0.73913, 0.646699, 0.859727, 0.646699, 0.859727, 0.646699, 0.859727
-0.652174, 0.701592, 0.807573, 0.701592, 0.807573, 0.701592, 0.807573
-0.565217, 0.757981, 0.751862, 0.75788, 0.751809, 0.75788, 0.751809
-0.478261, 0.814433, 0.691917, 0.813846, 0.691564, 0.813846, 0.691564
-0.391304, 0.869157, 0.626954, 0.867213, 0.625543, 0.867213, 0.625543
-0.304348, 0.920004, 0.556081, 0.915225, 0.551677, 0.915225, 0.551677
-0.217391, 0.964471, 0.478297, 0.954874, 0.466252, 0.954874, 0.466252
-0.130435, 0.999695, 0.392494, 0.983282, 0.361821, 0.983271, 0.361158
-0.0434783, 1.02246, 0.297458, 0.998217, 0.222642, 0.998113, 0.208514
0.0434783, 1.02919, 0.191864, 0.998656, 0.0157156, 0.998113, 0.208514
0.130435, 1.01595, 0.0742817, 0.985243, -0.325399, 0.983271, 0.361158
0.217391, 0.978456, -0.0568278, 0.960403, -0.927773, 0.954874, 0.466252
0.304348, 0.912063, -0.203111, 0.927759, -2.02229, 0.915225, 0.551677
0.391304, 0.811768, -0.366322, 0.89038, -4.00913, 0.867213, 0.625543
0.478261, 0.672213, -0.548324, 0.847263, -7.55334, 0.813846, 0.691564
0.565217, 0.487684, -0.751085, 0.787287, -13.7199, 0.75788, 0.751809
0.652174, 0.252107, -0.976685, 0.679697, -24.1597, 0.701592, 0.807573
0.73913, -0.0409448, -1.22731, 0.460023, -41.359, 0.646774, -2788.45
0.826087, -0.398257, -1.50524, 0.010102, -68.9687, 0.59578, -54653.7
0.913043, -0.826973, -1.8129, -0.869326, -112.23, 0.558982, -561992
